0, ;
1, 0;
2, 0 1;
3, 0 2;
4, 0 3;
5, 0 4;
6, 0 5;
7, 0 6;
8, 0 1 2;
9, 0 1 3;
10, 0 2 3;
11, 0 1 4;
12, 0 3 4;
13, 0 1 5;
14, 0 4 5;
15, 0 1 6;
16, 0 5 6;
17, 0 2 4;
18, 0 2 5;
19, 0 3 5;
20, 0 2 6;
21, 0 4 6;
22, 0 2 7;
23, 0 3 6;
24, 0 3 7;
25, 0 4 7;
26, 0 4 8;
27, 0 1 2 3;
28, 0 1 2 4;
29, 0 2 3 4;
30, 0 1 3 4;
31, 0 1 2 5;
32, 0 3 4 5;
33, 0 1 2 6;
34, 0 4 5 6;
35, 0 1 2 7;
36, 0 1 4 5;
37, 0 1 5 6;
38, 0 1 6 7;
39, 0 2 3 5;
40, 0 1 3 5;
41, 0 2 4 5;
42, 0 2 3 6;
43, 0 3 4 6;
44, 0 1 3 6;
45, 0 3 5 6;
46, 0 2 3 7;
47, 0 4 5 7;
48, 0 1 5 7;
49, 0 2 6 7;
50, 0 3 4 7;
51, 0 1 4 7;
52, 0 3 6 7;
53, 0 1 4 8;
54, 0 3 4 8;
55, 0 1 5 8;
56, 0 2 4 6;
57, 0 2 4 7;
58, 0 3 5 7;
59, 0 2 5 7;
60, 0 2 4 8;
61, 0 2 6 8;
62, 0 3 5 8;
63, 0 2 5 8;
64, 0 3 6 8;
65, 0 3 6 9;
66, 0 1 4 6;
67, 0 2 5 6;
68, 0 1 3 7;
69, 0 4 6 7;
70, 0 1 2 3 4;
71, 0 1 2 3 5;
72, 0 2 3 4 5;
73, 0 1 2 4 5;
74, 0 1 3 4 5;
75, 0 1 2 3 6;
76, 0 3 4 5 6;
77, 0 1 2 3 7;
78, 0 4 5 6 7;
79, 0 1 2 5 6;
80, 0 1 4 5 6;
81, 0 1 2 6 7;
82, 0 1 5 6 7;
83, 0 2 3 4 6;
84, 0 1 2 4 6;
85, 0 2 4 5 6;
86, 0 1 3 4 6;
87, 0 2 3 5 6;
88, 0 2 3 4 7;
89, 0 3 4 5 7;
90, 0 1 2 4 8;
91, 0 2 3 4 8;
92, 0 1 2 5 7;
93, 0 2 5 6 7;
94, 0 1 2 6 8;
95, 0 1 3 4 7;
96, 0 3 4 6 7;
97, 0 1 3 6 7;
98, 0 1 4 6 7;
99, 0 1 5 6 8;
100, 0 2 3 7 8;
101, 0 1 4 5 8;
102, 0 3 4 7 8;
103, 0 1 4 7 8;
104, 0 2 3 5 7;
105, 0 2 4 5 7;
106, 0 1 3 5 7;
107, 0 2 4 6 7;
108, 0 2 3 5 8;
109, 0 3 5 6 8;
110, 0 2 4 5 8;
111, 0 3 4 6 8;
112, 0 1 3 5 8;
113, 0 3 5 7 8;
114, 0 2 3 6 8;
115, 0 2 5 6 8;
116, 0 1 3 6 8;
117, 0 2 5 7 8;
118, 0 1 4 6 8;
119, 0 2 4 7 8;
120, 0 1 3 6 9;
121, 0 2 3 6 9;
122, 0 1 4 6 9;
123, 0 3 5 8 9;
124, 0 2 4 6 8;
125, 0 2 4 6 9;
126, 0 2 4 7 9;
127, 0 1 3 5 6;
128, 0 1 3 4 8;
129, 0 1 4 5 7;
130, 0 2 3 6 7;
131, 0 1 2 4 7;
132, 0 3 5 6 7;
133, 0 3 4 5 8;
134, 0 1 2 5 8;
135, 0 3 6 7 8;
136, 0 1 2 3 4 5;
137, 0 1 2 3 4 6;
138, 0 2 3 4 5 6;
139, 0 1 2 3 6 7;
140, 0 1 4 5 6 7;
141, 0 1 2 6 7 8;
142, 0 2 3 4 5 7;
143, 0 1 2 3 5 7;
144, 0 2 4 5 6 7;
145, 0 1 3 4 5 8;
146, 0 3 4 5 7 8;
147, 0 1 2 4 5 8;
148, 0 3 4 6 7 8;
149, 0 1 4 5 6 8;
150, 0 2 3 4 7 8;
151, 0 1 2 5 7 8;
152, 0 1 3 6 7 8;
153, 0 1 4 5 8 9;
154, 0 2 3 4 6 8;
155, 0 2 4 5 6 8;
156, 0 1 2 4 6 8;
157, 0 2 4 6 7 8;
158, 0 1 3 4 6 9;
159, 0 3 5 6 8 9;
160, 0 1 3 6 7 9;
161, 0 2 3 6 8 9;
162, 0 1 4 5 7 9;
163, 0 2 4 5 8 9;
164, 0 2 4 5 7 9;
165, 0 2 3 5 7 9;
166, 0 2 4 6 7 9;
167, 0 1 3 5 7 9;
168, 0 2 4 6 8 9;
169, 0 2 4 6 8 T;
170, 0 1 2 3 5 6;
171, 0 1 3 4 5 6;
172, 0 1 2 4 5 6;
173, 0 1 2 5 6 7;
174, 0 1 3 4 5 7;
175, 0 2 3 4 6 7;
176, 0 1 2 4 5 7;
177, 0 2 3 5 6 7;
178, 0 1 2 4 6 7;
179, 0 1 3 5 6 7;
180, 0 1 3 4 6 7;
181, 0 1 2 4 7 8;
182, 0 1 4 6 7 8;
183, 0 1 3 4 7 8;
184, 0 1 4 5 7 8;
185, 0 2 3 5 6 8;
186, 0 1 3 4 6 8;
187, 0 2 4 5 7 8;
188, 0 1 3 5 6 8;
189, 0 2 3 5 7 8;
190, 0 1 3 5 7 8;
191, 0 1 3 5 6 9;
192, 0 2 3 6 7 9;
193, 0 1 2 3 4 7;
194, 0 3 4 5 6 7;
195, 0 1 2 3 4 8;
196, 0 1 2 3 7 8;
197, 0 2 3 4 5 8;
198, 0 3 4 5 6 8;
199, 0 1 2 3 5 8;
200, 0 3 5 6 7 8;
201, 0 1 2 3 6 8;
202, 0 2 5 6 7 8;
203, 0 1 2 3 6 9;
204, 0 1 2 5 6 8;
205, 0 2 3 6 7 8;
206, 0 1 2 5 6 9;
207, 0 3 4 7 8 9;
208, 0 2 3 4 6 9;
209, 0 1 2 4 6 9;
210, 0 3 5 7 8 9;
211, 0 1 2 4 7 9;
212, 0 2 5 7 8 9;
213, 0 1 2 5 7 9;
214, 0 1 3 4 7 9;
215, 0 1 4 6 7 9;
216, 0 1 2 3 4 5 6;
217, 0 1 2 3 4 5 7;
218, 0 2 3 4 5 6 7;
219, 0 1 2 3 4 5 8;
220, 0 3 4 5 6 7 8;
221, 0 1 2 3 4 6 7;
222, 0 1 3 4 5 6 7;
223, 0 1 2 3 5 6 7;
224, 0 1 2 4 5 6 7;
225, 0 1 2 3 4 7 8;
226, 0 1 4 5 6 7 8;
227, 0 1 2 3 6 7 8;
228, 0 1 2 5 6 7 8;
229, 0 2 3 4 5 6 8;
230, 0 1 2 3 4 6 8;
231, 0 2 4 5 6 7 8;
232, 0 1 2 3 4 6 9;
233, 0 2 3 4 5 6 9;
234, 0 1 3 4 5 6 8;
235, 0 2 3 4 5 7 8;
236, 0 1 2 4 5 6 8;
237, 0 2 3 4 6 7 8;
238, 0 1 2 3 5 7 8;
239, 0 1 3 5 6 7 8;
240, 0 1 2 4 6 7 8;
241, 0 1 2 3 5 6 9;
242, 0 1 3 4 5 6 9;
243, 0 1 2 3 6 7 9;
244, 0 1 2 3 6 8 9;
245, 0 1 2 5 6 7 9;
246, 0 1 2 5 7 8 9;
247, 0 1 2 4 5 8 9;
248, 0 1 3 4 5 8 9;
249, 0 1 2 5 6 8 9;
250, 0 2 3 4 5 7 9;
251, 0 2 4 5 6 7 9;
252, 0 1 2 3 5 7 9;
253, 0 2 4 6 7 8 9;
254, 0 2 3 4 6 7 9;
255, 0 2 3 5 6 7 9;
256, 0 1 3 4 5 7 9;
257, 0 2 4 5 6 8 9;
258, 0 1 2 4 5 7 9;
259, 0 2 4 5 7 8 9;
260, 0 1 3 5 6 7 9;
261, 0 2 3 4 6 8 9;
262, 0 1 2 4 6 7 9;
263, 0 2 3 5 7 8 9;
264, 0 1 2 4 6 8 9;
265, 0 1 3 5 7 8 9;
266, 0 2 3 5 6 8 9;
267, 0 1 3 4 6 8 9;
268, 0 1 3 4 6 7 9;
269, 0 1 3 5 6 8 9;
270, 0 1 2 4 6 8 T;
271, 0 1 3 4 6 8 T;
272, 0 1 3 5 6 8 T;
273, 0 1 2 3 4 7 9;
274, 0 1 2 4 5 6 9;
275, 0 1 4 5 6 7 9;
276, 0 1 4 6 7 8 9;
277, 0 1 2 3 5 6 8;
278, 0 2 3 5 6 7 8;
279, 0 1 3 4 5 7 8;
280, 0 1 2 4 5 7 8;
281, 0 1 3 4 6 7 8;
282, 0 1 2 3 4 5 6 7;
283, 0 1 2 3 4 5 6 8;
284, 0 2 3 4 5 6 7 8;
285, 0 1 2 3 4 5 6 9;
286, 0 1 2 3 4 5 7 8;
287, 0 1 3 4 5 6 7 8;
288, 0 1 2 3 4 6 7 8;
289, 0 1 2 4 5 6 7 8;
290, 0 1 2 3 5 6 7 8;
291, 0 1 2 3 4 5 8 9;
292, 0 1 2 3 4 7 8 9;
293, 0 1 2 3 6 7 8 9;
294, 0 2 3 4 5 6 7 9;
295, 0 1 2 3 4 5 7 9;
296, 0 2 4 5 6 7 8 9;
297, 0 1 3 4 5 6 7 9;
298, 0 2 3 4 5 6 8 9;
299, 0 1 2 3 4 6 7 9;
300, 0 2 3 5 6 7 8 9;
301, 0 1 2 4 5 6 7 9;
302, 0 2 3 4 5 7 8 9;
303, 0 1 2 3 5 7 8 9;
304, 0 1 2 4 6 7 8 9;
305, 0 1 3 4 5 6 8 9;
306, 0 1 2 3 5 6 8 9;
307, 0 1 3 4 6 7 8 9;
308, 0 1 2 4 5 6 8 9;
309, 0 1 3 4 5 7 8 9;
310, 0 1 2 4 5 7 8 9;
311, 0 1 2 3 4 6 8 T;
312, 0 1 2 3 5 6 8 T;
313, 0 1 2 3 5 7 9 T;
314, 0 1 2 3 5 7 8 T;
315, 0 1 2 4 5 6 8 T;
316, 0 1 2 4 6 7 8 T;
317, 0 1 3 4 5 7 8 T;
318, 0 1 2 4 5 7 8 T;
319, 0 1 2 4 6 7 9 T;
320, 0 1 3 4 6 7 9 T;
321, 0 1 2 3 4 6 8 9;
322, 0 1 3 5 6 7 8 9;
323, 0 1 2 3 5 6 7 9;
324, 0 2 3 4 6 7 8 9;
325, 0 1 2 3 4 5 6 7 8;
326, 0 1 2 3 4 5 6 7 9;
327, 0 2 3 4 5 6 7 8 9;
328, 0 1 2 3 4 5 6 8 9;
329, 0 1 3 4 5 6 7 8 9;
330, 0 1 2 3 4 5 7 8 9;
331, 0 1 2 4 5 6 7 8 9;
332, 0 1 2 3 4 6 7 8 9;
333, 0 1 2 3 5 6 7 8 9;
334, 0 1 2 3 4 5 6 8 T;
335, 0 1 2 3 4 5 7 8 T;
336, 0 1 2 3 4 5 7 9 T;
337, 0 1 2 3 4 6 7 8 T;
338, 0 1 2 3 4 6 8 9 T;
339, 0 1 2 3 5 6 7 8 T;
340, 0 1 2 3 4 6 7 9 T;
341, 0 1 2 3 5 6 7 9 T;
342, 0 1 2 3 5 6 8 9 T;
343, 0 1 2 4 5 6 8 9 T;
344, 0 1 2 3 4 5 6 7 8 9;
345, 0 1 2 3 4 5 6 7 8 T;
346, 0 1 2 3 4 5 6 7 9 T;
347, 0 1 2 3 4 5 6 8 9 T;
348, 0 1 2 3 4 5 7 8 9 T;
349, 0 1 2 3 4 6 7 8 9 T;
350, 0 1 2 3 4 5 6 7 8 9 T;
351, 0 1 2 3 4 5 6 7 8 9 T E;
